1.000000 0.000000 0.000000 0.000000 0.000000 1.000000 0.000000 0.000000 0.000000 0.000000 1.000000 0.000000 
1.000000 -0.000319 0.000365 -0.013277 0.000319 0.999999 0.001168 -0.013442 -0.000365 -0.001168 0.999999 1.390865 
0.999998 -0.001088 0.001625 -0.073892 0.001085 0.999998 0.001930 -0.047772 -0.001627 -0.001929 0.999997 2.700315 
0.999993 -0.003608 -0.001239 -0.013676 0.003609 0.999993 0.000794 -0.075403 0.001237 -0.000798 0.999999 4.112780 
0.999993 -0.003687 -0.000968 -0.032324 0.003688 0.999993 0.000898 -0.099705 0.000964 -0.000902 0.999999 5.442292 
0.999991 -0.004152 -0.000741 -0.047748 0.004154 0.999989 0.002039 -0.132416 0.000732 -0.002042 0.999998 6.771748 
0.999985 -0.005027 0.001959 -0.131975 0.005020 0.999982 0.003274 -0.154672 -0.001976 -0.003264 0.999993 8.056845 
0.999988 -0.004267 0.002260 -0.158749 0.004258 0.999984 0.003672 -0.178757 -0.002275 -0.003662 0.999991 9.387766 
0.999992 -0.003533 0.001953 -0.177079 0.003530 0.999992 0.001678 -0.195424 -0.001959 -0.001671 0.999997 10.749189 
0.999999 -0.000540 0.001579 -0.192691 0.000540 1.000000 -0.000576 -0.220806 -0.001579 0.000577 0.999999 12.121030 
0.999993 0.003107 0.001978 -0.224119 -0.003104 0.999994 -0.001700 -0.243357 -0.001984 0.001694 0.999997 13.496275 
0.999983 0.005261 0.002329 -0.245674 -0.005258 0.999985 -0.001504 -0.276740 -0.002337 0.001492 0.999996 14.858566 
0.999977 0.006601 0.001385 -0.247796 -0.006600 0.999978 -0.000606 -0.307585 -0.001389 0.000597 0.999999 16.331635 
0.999993 0.003389 0.001626 -0.266924 -0.003392 0.999992 0.001904 -0.325119 -0.001620 -0.001910 0.999997 17.716707 
0.999998 -0.000842 0.001597 -0.275370 0.000837 0.999994 0.003425 -0.350656 -0.001600 -0.003424 0.999993 19.104126 
0.999993 -0.003648 0.000840 -0.275224 0.003647 0.999992 0.001367 -0.373101 -0.000845 -0.001364 0.999999 20.494234 
0.999989 -0.004712 0.000858 -0.299541 0.004712 0.999989 -0.000519 -0.398467 -0.000855 0.000523 0.999999 21.890008 
0.999997 -0.002206 0.000903 -0.300720 0.002208 0.999995 -0.002271 -0.424551 -0.000898 0.002273 0.999997 23.284671 
0.999999 -0.000173 0.001483 -0.313883 0.000173 1.000000 -0.000076 -0.455585 -0.001483 0.000076 0.999999 24.680290 
0.999998 0.000010 0.001999 -0.332975 -0.000018 0.999994 0.003585 -0.481245 -0.001999 -0.003585 0.999992 26.085623 
0.999994 -0.002010 0.002775 -0.363700 0.001996 0.999984 0.005267 -0.493132 -0.002785 -0.005261 0.999982 27.478555 
0.999976 -0.006665 0.002011 -0.373296 0.006657 0.999971 0.003802 -0.519650 -0.002037 -0.003789 0.999991 28.899634 
0.999973 -0.007012 0.002247 -0.411018 0.007010 0.999975 0.001149 -0.529148 -0.002255 -0.001133 0.999997 30.297871 
0.999970 -0.007273 0.002816 -0.418885 0.007277 0.999973 -0.001197 -0.553652 -0.002807 0.001217 0.999995 31.710286 
0.999987 -0.004067 0.003181 -0.430983 0.004074 0.999989 -0.002275 -0.575224 -0.003172 0.002288 0.999992 33.127315 
0.999991 -0.002982 0.003170 -0.434685 0.002995 0.999986 -0.004334 -0.611644 -0.003157 0.004343 0.999986 34.531848 
0.999994 -0.001809 0.002982 -0.436553 0.001821 0.999991 -0.003908 -0.643178 -0.002975 0.003913 0.999988 35.940116 
0.999993 -0.002613 0.002811 -0.451551 0.002620 0.999994 -0.002409 -0.678268 -0.002805 0.002416 0.999993 37.370619 
0.999996 -0.001620 0.002513 -0.468204 0.001622 0.999998 -0.000842 -0.709404 -0.002512 0.000846 0.999996 38.795977 
0.999995 0.001280 0.002772 -0.490075 -0.001278 0.999999 -0.000843 -0.734654 -0.002773 0.000839 0.999996 40.231346 
0.999991 0.003411 0.002494 -0.492034 -0.003408 0.999993 -0.001210 -0.769887 -0.002498 0.001201 0.999996 41.667635 
0.999983 0.005330 0.002251 -0.503392 -0.005328 0.999986 -0.000712 -0.803949 -0.002255 0.000700 0.999997 43.108120 
0.999981 0.005932 0.001726 -0.516314 -0.005931 0.999982 -0.000612 -0.833314 -0.001730 0.000602 0.999998 44.558656 
0.999989 0.004612 0.001054 -0.521323 -0.004612 0.999989 -0.000607 -0.857478 -0.001057 0.000603 0.999999 46.002450 
0.999993 0.003638 -0.000132 -0.516214 -0.003639 0.999992 -0.001428 -0.875987 0.000127 0.001428 0.999999 47.459757 
0.999995 0.003110 -0.001070 -0.530860 -0.003111 0.999994 -0.001245 -0.908298 0.001066 0.001248 0.999999 48.928643 
0.999992 0.003442 -0.002100 -0.545420 -0.003441 0.999994 0.000038 -0.941249 0.002100 -0.000031 0.999998 50.395219 
0.999989 0.003639 -0.002837 -0.577405 -0.003641 0.999993 -0.000679 -0.961267 0.002834 0.000689 0.999996 51.863230 
0.999987 0.003237 -0.003843 -0.601496 -0.003236 0.999995 0.000044 -0.994069 0.003843 -0.000031 0.999993 53.313692 
0.999982 0.003383 -0.004934 -0.625689 -0.003379 0.999994 0.000798 -1.025011 0.004937 -0.000782 0.999988 54.772843 
0.999982 0.001631 -0.005770 -0.645646 -0.001620 0.999997 0.001881 -1.055345 0.005773 -0.001871 0.999982 56.242495 
0.999980 0.000478 -0.006301 -0.669532 -0.000465 0.999998 0.002139 -1.089434 0.006302 -0.002136 0.999978 57.711516 
0.999974 -0.002455 -0.006759 -0.698784 0.002466 0.999996 0.001624 -1.111998 0.006755 -0.001640 0.999976 59.206556 
0.999963 -0.004802 -0.007095 -0.722200 0.004816 0.999986 0.001990 -1.136499 0.007085 -0.002024 0.999973 60.676356 
0.999951 -0.006984 -0.006998 -0.742127 0.007005 0.999971 0.002992 -1.160168 0.006976 -0.003041 0.999971 62.162679 
0.999941 -0.008340 -0.006917 -0.758819 0.008366 0.999958 0.003714 -1.188858 0.006885 -0.003771 0.999969 63.644473 
0.999937 -0.009453 -0.006090 -0.801511 0.009473 0.999950 0.003339 -1.222198 0.006058 -0.003397 0.999976 65.107742 
0.999914 -0.011565 -0.006150 -0.809394 0.011578 0.999931 0.002064 -1.237502 0.006126 -0.002135 0.999979 66.568485 
0.999920 -0.011212 -0.005772 -0.834080 0.011222 0.999935 0.001782 -1.266822 0.005752 -0.001847 0.999982 68.012513 
0.999938 -0.010046 -0.004855 -0.869129 0.010054 0.999948 0.001634 -1.299780 0.004838 -0.001683 0.999987 69.470704 
0.999963 -0.007356 -0.004388 -0.903416 0.007370 0.999968 0.003162 -1.329444 0.004365 -0.003195 0.999985 70.916192 
0.999986 -0.004110 -0.003457 -0.941205 0.004125 0.999981 0.004511 -1.358249 0.003439 -0.004526 0.999984 72.375410 
0.999995 0.000502 -0.003151 -0.946219 -0.000487 0.999989 0.004669 -1.374249 0.003153 -0.004667 0.999984 73.818594 
0.999985 0.004668 -0.002774 -0.955896 -0.004656 0.999980 0.004384 -1.411030 0.002795 -0.004371 0.999987 75.278831 
0.999968 0.007581 -0.002517 -0.962380 -0.007571 0.999964 0.003855 -1.435450 0.002546 -0.003836 0.999989 76.721006 
0.999953 0.009518 -0.001795 -0.988305 -0.009512 0.999949 0.003432 -1.455761 0.001828 -0.003415 0.999992 78.180567 
0.999954 0.009470 -0.001218 -1.013468 -0.009465 0.999947 0.004001 -1.494190 0.001256 -0.003989 0.999991 79.610578 
0.999958 0.009157 -0.000847 -1.049584 -0.009154 0.999952 0.003474 -1.517233 0.000878 -0.003466 0.999994 81.065780 
0.999965 0.008331 -0.000987 -1.064670 -0.008329 0.999963 0.002357 -1.545313 0.001006 -0.002349 0.999997 82.519199 
0.999975 0.006969 -0.001444 -1.076271 -0.006965 0.999973 0.002532 -1.566285 0.001462 -0.002522 0.999996 83.950578 
0.999980 0.005963 -0.002139 -1.083612 -0.005956 0.999978 0.002925 -1.598523 0.002156 -0.002912 0.999993 85.402950 
0.999980 0.005469 -0.003177 -1.090902 -0.005461 0.999982 0.002353 -1.615736 0.003190 -0.002335 0.999992 86.836435 
0.999980 0.004949 -0.003911 -1.128434 -0.004938 0.999984 0.002890 -1.646344 0.003925 -0.002871 0.999988 88.260013 
0.999976 0.003684 -0.005896 -1.122391 -0.003664 0.999988 0.003382 -1.647235 0.005908 -0.003361 0.999977 89.673374 
0.999977 0.001074 -0.006645 -1.162870 -0.001044 0.999990 0.004453 -1.670411 0.006649 -0.004446 0.999968 91.080720 
0.999968 -0.001430 -0.007843 -1.197804 0.001471 0.999986 0.005109 -1.705293 0.007835 -0.005121 0.999956 92.490825 
0.999958 -0.003156 -0.008604 -1.221481 0.003200 0.999981 0.005194 -1.737079 0.008588 -0.005221 0.999949 93.907441 
0.999944 -0.004530 -0.009575 -1.223218 0.004575 0.999979 0.004696 -1.762475 0.009553 -0.004740 0.999943 95.329753 
0.999935 -0.005956 -0.009730 -1.245995 0.006001 0.999972 0.004566 -1.798167 0.009702 -0.004624 0.999942 96.734238 
0.999938 -0.005476 -0.009652 -1.288090 0.005517 0.999976 0.004202 -1.827244 0.009629 -0.004255 0.999945 98.139901 
0.999940 -0.005803 -0.009254 -1.327206 0.005838 0.999976 0.003698 -1.855444 0.009233 -0.003752 0.999950 99.537900 
0.999937 -0.005080 -0.010026 -1.327191 0.005108 0.999983 0.002833 -1.881863 0.010012 -0.002884 0.999946 100.943723 
0.999942 -0.004497 -0.009806 -1.362568 0.004529 0.999985 0.003219 -1.903353 0.009792 -0.003263 0.999947 102.329420 
0.999937 -0.004412 -0.010294 -1.374439 0.004462 0.999978 0.004894 -1.937462 0.010272 -0.004940 0.999935 103.735000 
0.999943 -0.003104 -0.010225 -1.409006 0.003159 0.999980 0.005458 -1.933575 0.010208 -0.005490 0.999933 105.120253 
0.999945 -0.003557 -0.009837 -1.446063 0.003595 0.999986 0.003850 -1.950066 0.009823 -0.003885 0.999944 106.473322 
0.999945 -0.003665 -0.009780 -1.474353 0.003681 0.999992 0.001650 -1.980433 0.009774 -0.001686 0.999951 107.858585 
0.999939 -0.004208 -0.010256 -1.488697 0.004213 0.999991 0.000487 -2.010173 0.010254 -0.000530 0.999947 109.234092 
0.999926 -0.006177 -0.010467 -1.501396 0.006196 0.999979 0.001738 -2.037177 0.010456 -0.001802 0.999944 110.620842 
0.999913 -0.008635 -0.010017 -1.520973 0.008669 0.999957 0.003346 -2.045362 0.009987 -0.003433 0.999944 112.002446 
0.999907 -0.010001 -0.009262 -1.538486 0.010039 0.999941 0.004086 -2.081177 0.009221 -0.004179 0.999949 113.381437 
0.999907 -0.010802 -0.008296 -1.572876 0.010825 0.999938 0.002704 -2.110514 0.008266 -0.002793 0.999962 114.754601 
0.999929 -0.009426 -0.007324 -1.615104 0.009430 0.999955 0.000534 -2.132744 0.007318 -0.000603 0.999973 116.108351 
0.999959 -0.006779 -0.005973 -1.645261 0.006769 0.999976 -0.001671 -2.155685 0.005984 0.001631 0.999981 117.465736 
0.999981 -0.003823 -0.004745 -1.680268 0.003815 0.999991 -0.001753 -2.173971 0.004752 0.001735 0.999987 118.848807 
0.999990 -0.003008 -0.003197 -1.696789 0.003008 0.999995 -0.000143 -2.197899 0.003197 0.000133 0.999995 120.193954 
0.999993 -0.003038 -0.002034 -1.726313 0.003042 0.999993 0.002120 -2.227489 0.002028 -0.002126 0.999996 121.589158 
0.999991 -0.004044 -0.001275 -1.747151 0.004047 0.999989 0.002562 -2.245302 0.001265 -0.002567 0.999996 122.955392 
0.999992 -0.003931 -0.000485 -1.759850 0.003932 0.999990 0.002260 -2.269256 0.000476 -0.002262 0.999997 124.334692 
0.999997 -0.002458 0.000416 -1.777509 0.002457 0.999996 0.001704 -2.286383 -0.000420 -0.001703 0.999998 125.718312 
0.999999 -0.000554 0.001458 -1.795549 0.000553 0.999999 0.001114 -2.300894 -0.001458 -0.001114 0.999998 127.093676 
0.999996 0.000188 0.002789 -1.833581 -0.000189 1.000000 0.000379 -2.338256 -0.002789 -0.000380 0.999996 128.473250 
0.999994 0.000832 0.003447 -1.852235 -0.000832 1.000000 -0.000090 -2.369238 -0.003447 0.000087 0.999994 129.856240 
0.999991 -0.000297 0.004195 -1.866470 0.000297 1.000000 -0.000065 -2.399911 -0.004195 0.000067 0.999991 131.241541 
0.999989 -0.000952 0.004609 -1.875456 0.000947 0.999999 0.000890 -2.423315 -0.004610 -0.000886 0.999989 132.658194 
0.999984 -0.002941 0.004882 -1.877205 0.002931 0.999994 0.001992 -2.452790 -0.004888 -0.001978 0.999986 134.084335 
0.999978 -0.003855 0.005353 -1.898071 0.003842 0.999990 0.002404 -2.478330 -0.005362 -0.002383 0.999983 135.494577 
0.999966 -0.006098 0.005563 -1.908279 0.006085 0.999979 0.002362 -2.499272 -0.005578 -0.002328 0.999982 136.878402 
0.999963 -0.006987 0.005082 -1.925395 0.006973 0.999972 0.002877 -2.520451 -0.005102 -0.002842 0.999983 138.267081 
0.999955 -0.008458 0.004194 -1.933259 0.008447 0.999961 0.002693 -2.543917 -0.004217 -0.002657 0.999988 139.645942 
0.999937 -0.010931 0.002559 -1.944566 0.010925 0.999937 0.002567 -2.560987 -0.002587 -0.002539 0.999993 141.048757 
0.999935 -0.011308 0.001381 -1.960552 0.011304 0.999932 0.002869 -2.576317 -0.001413 -0.002853 0.999995 142.422246 
0.999903 -0.013935 -0.000185 -1.954777 0.013936 0.999898 0.003076 -2.594196 0.000142 -0.003078 0.999995 143.810992 
0.999896 -0.014292 -0.002008 -1.951105 0.014298 0.999894 0.002812 -2.609868 0.001968 -0.002841 0.999994 145.220460 
0.999883 -0.014910 -0.003305 -1.969808 0.014918 0.999886 0.002337 -2.637824 0.003270 -0.002386 0.999992 146.596319 
0.999859 -0.016091 -0.004726 -1.985449 0.016102 0.999867 0.002394 -2.669618 0.004686 -0.002470 0.999986 147.997722 
0.999818 -0.018260 -0.005582 -2.004785 0.018261 0.999833 -0.000021 -2.699110 0.005581 -0.000081 0.999984 149.364597 
0.999706 -0.023318 -0.006574 -2.029200 0.023313 0.999728 -0.000736 -2.719105 0.006589 0.000582 0.999978 150.749048 
0.999501 -0.030675 -0.007491 -2.041674 0.030689 0.999528 0.001662 -2.751519 0.007436 -0.001891 0.999971 152.150260 
0.999255 -0.037448 -0.009339 -2.054727 0.037481 0.999291 0.003462 -2.777635 0.009203 -0.003809 0.999950 153.531490 
0.999124 -0.040652 -0.009895 -2.080952 0.040655 0.999173 0.000141 -2.801845 0.009881 -0.000544 0.999951 154.913738 
0.999153 -0.039960 -0.009780 -2.095271 0.039929 0.999197 -0.003420 -2.818306 0.009909 0.003026 0.999946 156.319515 
0.999297 -0.036517 -0.008481 -2.138637 0.036473 0.999321 -0.005270 -2.860253 0.008667 0.004957 0.999950 157.708788 
0.999298 -0.036621 -0.007891 -2.164740 0.036582 0.999317 -0.005141 -2.900604 0.008074 0.004849 0.999956 159.104408 
0.999152 -0.040433 -0.007803 -2.171855 0.040422 0.999182 -0.001532 -2.937165 0.007858 0.001215 0.999968 160.508392 
0.998921 -0.045817 -0.007587 -2.196405 0.045830 0.998948 0.001551 -2.980267 0.007508 -0.001897 0.999970 161.923629 
0.998719 -0.049984 -0.007927 -2.212437 0.050008 0.998745 0.002929 -3.009612 0.007771 -0.003322 0.999964 163.331584 
0.998664 -0.051084 -0.007822 -2.252372 0.051109 0.998689 0.003020 -3.039793 0.007657 -0.003415 0.999965 164.717190 
0.998800 -0.048472 -0.006934 -2.276730 0.048498 0.998817 0.003606 -3.062158 0.006751 -0.003938 0.999969 166.087409 
0.999000 -0.044318 -0.005835 -2.309762 0.044333 0.999013 0.002569 -3.085408 0.005716 -0.002826 0.999980 167.483778 
0.999182 -0.040105 -0.005135 -2.338508 0.040106 0.999195 0.000110 -3.102059 0.005126 -0.000316 0.999987 168.864928 
0.999307 -0.036985 -0.004272 -2.366234 0.036983 0.999316 -0.000680 -3.124035 0.004294 0.000522 0.999991 170.249594 
0.999354 -0.035681 -0.004176 -2.385232 0.035684 0.999363 0.000530 -3.149945 0.004154 -0.000679 0.999991 171.658288 
0.999393 -0.034461 -0.005012 -2.391514 0.034465 0.999406 0.000567 -3.191618 0.004990 -0.000739 0.999987 173.092133 
0.999452 -0.032728 -0.004993 -2.436675 0.032718 0.999462 -0.002133 -3.215954 0.005060 0.001968 0.999985 174.497348 
0.999582 -0.028453 -0.005097 -2.480442 0.028426 0.999582 -0.005284 -3.241937 0.005245 0.005137 0.999973 175.899153 
0.999702 -0.023930 -0.004822 -2.518094 0.023898 0.999693 -0.006555 -3.263708 0.004977 0.006437 0.999967 177.258458 
0.999808 -0.019111 -0.004280 -2.557869 0.019088 0.999804 -0.005269 -3.304522 0.004380 0.005186 0.999977 178.650731 
0.999860 -0.016274 -0.003773 -2.591453 0.016261 0.999862 -0.003515 -3.328772 0.003830 0.003453 0.999987 180.033064 
0.999863 -0.015862 -0.004722 -2.588411 0.015854 0.999873 -0.001583 -3.348808 0.004746 0.001508 0.999988 181.477477 
0.999816 -0.018351 -0.005570 -2.610977 0.018346 0.999831 -0.000934 -3.378639 0.005586 0.000832 0.999984 182.901158 
0.999754 -0.020728 -0.007851 -2.612246 0.020721 0.999785 -0.000935 -3.401505 0.007868 0.000772 0.999969 184.351257 
0.999713 -0.021923 -0.009687 -2.633406 0.021878 0.999749 -0.004777 -3.437306 0.009789 0.004564 0.999942 185.785707 
0.999736 -0.020165 -0.011031 -2.663239 0.020066 0.999758 -0.009015 -3.469959 0.011210 0.008792 0.999899 187.224954 
0.999810 -0.015689 -0.011566 -2.700015 0.015576 0.999831 -0.009744 -3.501998 0.011717 0.009562 0.999886 188.654755 
0.999860 -0.012271 -0.011403 -2.751117 0.012173 0.999889 -0.008599 -3.548248 0.011507 0.008459 0.999898 190.104247 
0.999882 -0.010634 -0.011088 -2.786752 0.010575 0.999930 -0.005336 -3.569949 0.011144 0.005218 0.999924 191.563182 
0.999901 -0.009558 -0.010356 -2.840968 0.009521 0.999948 -0.003588 -3.599117 0.010390 0.003489 0.999940 193.015296 
0.999896 -0.010211 -0.010171 -2.881265 0.010180 0.999943 -0.003085 -3.614419 0.010202 0.002981 0.999944 194.461517 
0.999878 -0.012056 -0.009959 -2.930332 0.012034 0.999925 -0.002269 -3.661539 0.009986 0.002149 0.999948 195.912901 
0.999855 -0.014033 -0.009650 -2.962950 0.014014 0.999900 -0.002064 -3.686651 0.009678 0.001928 0.999951 197.361679 
0.999816 -0.016513 -0.009725 -2.989738 0.016494 0.999862 -0.002032 -3.718133 0.009757 0.001872 0.999951 198.826344 
0.999757 -0.020028 -0.009257 -3.013853 0.020022 0.999799 -0.000790 -3.751094 0.009271 0.000604 0.999957 200.260579 
0.999652 -0.024823 -0.008978 -3.030675 0.024832 0.999691 0.000954 -3.789654 0.008952 -0.001177 0.999959 201.730616 
0.999599 -0.027101 -0.008197 -3.068987 0.027106 0.999632 0.000605 -3.821334 0.008177 -0.000827 0.999966 203.186010 
0.999641 -0.025574 -0.007967 -3.088914 0.025545 0.999667 -0.003645 -3.850284 0.008057 0.003440 0.999962 204.665379 
0.999808 -0.018072 -0.007616 -3.109086 0.018003 0.999798 -0.008954 -3.880565 0.007776 0.008815 0.999931 206.141336 
0.999945 -0.008418 -0.006301 -3.138976 0.008363 0.999927 -0.008773 -3.935999 0.006374 0.008720 0.999942 207.605453 
0.999987 -0.000207 -0.005021 -3.190819 0.000179 0.999985 -0.005557 -3.968968 0.005022 0.005556 0.999972 209.085978 
0.999991 0.000175 -0.004331 -3.219905 -0.000189 0.999995 -0.003272 -4.004958 0.004330 0.003273 0.999985 210.566157 
0.999986 -0.002086 -0.004849 -3.245137 0.002073 0.999994 -0.002784 -4.033658 0.004855 0.002774 0.999984 212.041121 
0.999967 -0.005203 -0.006184 -3.271423 0.005186 0.999983 -0.002740 -4.070131 0.006198 0.002708 0.999977 213.542415 
0.999946 -0.007238 -0.007448 -3.280739 0.007215 0.999969 -0.003131 -4.105220 0.007470 0.003077 0.999967 215.048954 
0.999939 -0.007349 -0.008209 -3.296754 0.007320 0.999967 -0.003529 -4.137070 0.008235 0.003469 0.999960 216.547306 
0.999954 -0.004991 -0.008147 -3.322491 0.004964 0.999982 -0.003427 -4.178626 0.008164 0.003387 0.999961 218.048342 
0.999957 -0.004036 -0.008405 -3.344532 0.004016 0.999989 -0.002411 -4.220298 0.008415 0.002377 0.999962 219.547671 
0.999950 -0.004786 -0.008818 -3.367775 0.004760 0.999984 -0.003008 -4.254715 0.008832 0.002966 0.999957 221.043366 
0.999948 -0.004828 -0.009037 -3.405254 0.004789 0.999979 -0.004253 -4.285862 0.009058 0.004209 0.999950 222.542225 
0.999943 -0.005061 -0.009417 -3.438424 0.005015 0.999975 -0.004924 -4.312760 0.009442 0.004877 0.999944 224.062361 
0.999940 -0.005011 -0.009780 -3.483008 0.004962 0.999975 -0.005039 -4.346424 0.009805 0.004990 0.999939 225.581968 
0.999936 -0.005110 -0.010089 -3.508750 0.005060 0.999975 -0.004993 -4.390419 0.010114 0.004942 0.999937 227.085296 
0.999931 -0.004990 -0.010605 -3.522476 0.004936 0.999975 -0.005088 -4.429996 0.010630 0.005035 0.999931 228.589261 
0.999931 -0.003981 -0.011053 -3.554807 0.003923 0.999978 -0.005308 -4.463652 0.011074 0.005264 0.999925 230.123396 
0.999926 -0.004573 -0.011252 -3.606366 0.004513 0.999976 -0.005334 -4.500787 0.011276 0.005283 0.999922 231.671321 
0.999927 -0.004485 -0.011253 -3.653528 0.004427 0.999977 -0.005142 -4.539246 0.011276 0.005092 0.999923 233.205864 
0.999927 -0.005181 -0.010893 -3.705895 0.005125 0.999974 -0.005103 -4.581176 0.010919 0.005046 0.999928 234.733489 
0.999915 -0.007136 -0.010943 -3.744802 0.007075 0.999960 -0.005557 -4.607972 0.010982 0.005479 0.999925 236.276674 
0.999903 -0.008622 -0.010934 -3.780617 0.008565 0.999950 -0.005175 -4.640306 0.010978 0.005081 0.999927 237.816421 
0.999893 -0.009964 -0.010686 -3.824024 0.009918 0.999941 -0.004339 -4.675962 0.010729 0.004232 0.999933 239.368022 
0.999892 -0.009909 -0.010873 -3.867083 0.009861 0.999942 -0.004428 -4.704468 0.010916 0.004321 0.999931 240.918154 
0.999899 -0.009497 -0.010576 -3.916609 0.009450 0.999945 -0.004536 -4.749507 0.010619 0.004435 0.999934 242.470814 
0.999905 -0.009430 -0.010079 -3.960417 0.009379 0.999943 -0.005112 -4.781617 0.010127 0.005017 0.999936 244.027483 
0.999910 -0.008430 -0.010436 -3.962104 0.008388 0.999956 -0.004129 -4.823639 0.010471 0.004041 0.999937 245.560778 
0.999914 -0.008534 -0.009979 -3.991299 0.008516 0.999962 -0.001820 -4.858760 0.009994 0.001735 0.999949 247.119479 
0.999915 -0.008737 -0.009652 -4.013279 0.008725 0.999961 -0.001212 -4.899413 0.009662 0.001127 0.999953 248.680440 
0.999917 -0.008500 -0.009668 -4.035195 0.008471 0.999959 -0.003072 -4.936064 0.009694 0.002990 0.999949 250.262975 
0.999916 -0.008529 -0.009723 -4.053062 0.008483 0.999953 -0.004782 -4.953775 0.009763 0.004700 0.999941 251.824115 
0.999915 -0.008195 -0.010168 -4.067777 0.008155 0.999959 -0.003952 -5.000322 0.010200 0.003869 0.999940 253.405928 
0.999908 -0.009078 -0.010035 -4.122747 0.009055 0.999956 -0.002416 -5.046872 0.010056 0.002325 0.999947 254.976093 
0.999901 -0.009161 -0.010711 -4.148814 0.009137 0.999956 -0.002336 -5.068776 0.010732 0.002238 0.999940 256.536666 
0.999899 -0.008665 -0.011277 -4.180273 0.008643 0.999961 -0.002041 -5.114305 0.011294 0.001943 0.999934 258.102820 
0.999901 -0.007263 -0.012053 -4.189967 0.007242 0.999972 -0.001778 -5.147274 0.012065 0.001691 0.999926 259.691062 
0.999912 -0.006138 -0.011765 -4.226760 0.006118 0.999980 -0.001698 -5.177943 0.011775 0.001626 0.999929 261.258550 
0.999915 -0.005724 -0.011722 -4.259385 0.005705 0.999982 -0.001624 -5.208900 0.011731 0.001557 0.999930 262.834809 
0.999911 -0.006562 -0.011647 -4.292992 0.006543 0.999977 -0.001675 -5.239950 0.011657 0.001598 0.999931 264.423855 
0.999896 -0.008659 -0.011528 -4.331940 0.008649 0.999962 -0.000907 -5.274634 0.011535 0.000807 0.999933 265.996518 
0.999869 -0.011273 -0.011577 -4.357482 0.011272 0.999936 -0.000185 -5.301923 0.011579 0.000055 0.999933 267.584555 
0.999839 -0.013401 -0.011946 -4.389861 0.013394 0.999910 -0.000602 -5.334431 0.011953 0.000442 0.999928 269.173386 
0.999810 -0.015143 -0.012306 -4.417972 0.015122 0.999884 -0.001825 -5.359384 0.012332 0.001638 0.999923 270.779117 
0.999771 -0.017589 -0.012200 -4.446870 0.017588 0.999845 -0.000242 -5.377178 0.012203 0.000027 0.999926 272.385684 
0.999745 -0.019194 -0.011912 -4.483591 0.019212 0.999814 0.001388 -5.404896 0.011884 -0.001616 0.999928 273.975434 
0.999719 -0.020560 -0.011788 -4.527747 0.020566 0.999788 0.000362 -5.425951 0.011778 -0.000604 0.999930 275.552858 
0.999714 -0.020686 -0.012036 -4.553703 0.020671 0.999785 -0.001374 -5.435648 0.012062 0.001125 0.999927 277.167045 
0.999700 -0.021539 -0.011645 -4.587386 0.021531 0.999768 -0.000855 -5.485379 0.011661 0.000604 0.999932 278.774384 
0.999766 -0.018843 -0.010598 -4.627902 0.018831 0.999822 -0.001209 -5.517804 0.010619 0.001009 0.999943 280.373494 
0.999812 -0.017117 -0.009136 -4.688723 0.017105 0.999853 -0.001425 -5.547262 0.009159 0.001269 0.999957 281.998005 
0.999860 -0.014839 -0.007765 -4.720298 0.014829 0.999889 -0.001447 -5.596560 0.007786 0.001332 0.999969 283.593552 
0.999860 -0.015074 -0.007276 -4.737211 0.015062 0.999885 -0.001676 -5.613901 0.007300 0.001566 0.999972 285.193713 
0.999833 -0.016817 -0.007214 -4.745705 0.016795 0.999854 -0.003071 -5.597225 0.007264 0.002950 0.999969 286.788244 
0.999843 -0.016713 -0.005942 -4.785258 0.016696 0.999856 -0.002959 -5.665581 0.005990 0.002860 0.999978 288.376966 
0.999823 -0.018002 -0.005391 -4.814421 0.017989 0.999835 -0.002319 -5.701681 0.005431 0.002222 0.999983 289.989479 
0.999793 -0.019796 -0.004672 -4.843608 0.019791 0.999804 -0.001011 -5.741261 0.004691 0.000918 0.999989 291.564745 
0.999761 -0.021210 -0.005331 -4.830544 0.021204 0.999775 -0.001100 -5.752924 0.005353 0.000987 0.999985 293.142267 
0.999750 -0.021775 -0.005151 -4.843536 0.021760 0.999759 -0.002826 -5.810532 0.005211 0.002713 0.999983 294.719316 
0.999723 -0.022998 -0.005088 -4.870760 0.022974 0.999725 -0.004764 -5.855435 0.005196 0.004645 0.999976 296.313431 
0.999741 -0.022131 -0.005341 -4.897743 0.022106 0.999745 -0.004695 -5.907860 0.005444 0.004576 0.999975 297.887057 
0.999729 -0.022492 -0.006075 -4.925194 0.022465 0.999737 -0.004538 -5.958212 0.006176 0.004401 0.999971 299.475780 
0.999736 -0.022027 -0.006476 -4.973934 0.021995 0.999745 -0.005086 -5.995017 0.006587 0.004943 0.999966 301.062957 
0.999715 -0.022871 -0.006835 -5.013846 0.022833 0.999723 -0.005647 -6.016729 0.006962 0.005489 0.999961 302.688942 
0.999706 -0.023164 -0.007186 -5.057776 0.023128 0.999719 -0.005136 -6.058832 0.007303 0.004968 0.999961 304.311213 
0.999694 -0.023303 -0.008339 -5.090307 0.023261 0.999716 -0.005113 -6.110782 0.008456 0.004917 0.999952 305.959917 
0.999653 -0.024521 -0.009620 -5.100915 0.024484 0.999692 -0.003938 -6.140278 0.009713 0.003701 0.999946 307.556895 
0.999677 -0.023051 -0.010696 -5.109340 0.023023 0.999731 -0.002761 -6.166955 0.010756 0.002513 0.999939 309.178169 
0.999684 -0.023105 -0.009898 -5.138159 0.023082 0.999731 -0.002459 -6.204930 0.009953 0.002230 0.999948 310.784654 
0.999705 -0.022533 -0.009094 -5.160770 0.022508 0.999743 -0.002860 -6.237713 0.009156 0.002655 0.999955 312.407174 
0.999661 -0.024493 -0.008791 -5.193260 0.024469 0.999697 -0.002824 -6.272137 0.008857 0.002608 0.999957 314.055588 
0.999609 -0.026524 -0.008828 -5.227130 0.026491 0.999642 -0.003797 -6.301082 0.008926 0.003562 0.999954 315.694846 
0.999584 -0.027529 -0.008645 -5.253315 0.027477 0.999604 -0.006003 -6.324028 0.008807 0.005763 0.999945 317.357270 
0.999546 -0.028684 -0.009189 -5.283139 0.028625 0.999569 -0.006588 -6.381972 0.009374 0.006322 0.999936 319.040821 
0.999531 -0.028273 -0.011730 -5.307361 0.028187 0.999575 -0.007377 -6.438928 0.011933 0.007043 0.999904 320.719034 
0.999532 -0.027311 -0.013766 -5.353651 0.027223 0.999608 -0.006526 -6.482963 0.013939 0.006148 0.999884 322.410680 
0.999546 -0.026551 -0.014222 -5.404795 0.026502 0.999642 -0.003620 -6.510444 0.014313 0.003242 0.999892 324.107959 
0.999509 -0.028108 -0.013812 -5.451906 0.028104 0.999605 -0.000528 -6.546008 0.013822 0.000140 0.999904 325.799840 
0.999457 -0.029754 -0.014164 -5.473387 0.029765 0.999557 0.000633 -6.589179 0.014139 -0.001054 0.999899 327.470144 
0.999406 -0.031563 -0.013843 -5.530781 0.031559 0.999502 -0.000514 -6.620340 0.013852 0.000077 0.999904 329.171479 
0.999393 -0.032152 -0.013420 -5.572717 0.032148 0.999483 -0.000521 -6.662376 0.013430 0.000089 0.999910 330.856975 
0.999399 -0.032195 -0.012872 -5.620586 0.032193 0.999482 -0.000368 -6.692981 0.012878 -0.000046 0.999917 332.506741 
0.999383 -0.032811 -0.012521 -5.655980 0.032808 0.999462 -0.000369 -6.734066 0.012527 -0.000042 0.999922 334.170681 
0.999447 -0.030984 -0.012044 -5.694140 0.030971 0.999519 -0.001280 -6.771390 0.012078 0.000907 0.999927 335.823955 
0.999455 -0.030966 -0.011424 -5.729753 0.030955 0.999520 -0.001152 -6.826141 0.011454 0.000798 0.999934 337.493784 
0.999408 -0.032730 -0.010605 -5.778904 0.032737 0.999464 0.000476 -6.838091 0.010583 -0.000823 0.999944 339.135108 
0.999370 -0.033781 -0.010869 -5.803862 0.033799 0.999428 0.001462 -6.874267 0.010814 -0.001828 0.999940 340.791875 
0.999327 -0.035076 -0.010761 -5.845728 0.035081 0.999384 0.000286 -6.903815 0.010745 -0.000663 0.999942 342.437762 
0.999359 -0.033972 -0.011317 -5.862749 0.033983 0.999422 0.000840 -6.960590 0.011282 -0.001224 0.999936 344.145484 
0.999411 -0.032369 -0.011428 -5.902424 0.032358 0.999476 -0.001092 -6.992470 0.011458 0.000722 0.999934 345.763689 
0.999452 -0.030799 -0.012150 -5.937366 0.030750 0.999518 -0.004233 -7.029170 0.012275 0.003857 0.999917 347.393110 
0.999488 -0.029379 -0.012654 -5.984167 0.029337 0.999563 -0.003501 -7.079630 0.012751 0.003128 0.999914 349.015764 
0.999502 -0.028282 -0.014012 -6.013700 0.028283 0.999600 -0.000159 -7.117120 0.014011 -0.000238 0.999902 350.664818 
0.999518 -0.027119 -0.015137 -6.063053 0.027162 0.999628 0.002646 -7.157120 0.015060 -0.003056 0.999882 352.324960 
0.999491 -0.027095 -0.016813 -6.096181 0.027124 0.999631 0.001551 -7.189836 0.016765 -0.002006 0.999857 353.983502 
0.999401 -0.029088 -0.018731 -6.156390 0.029086 0.999577 -0.000360 -7.196615 0.018734 -0.000185 0.999824 355.661569 
0.999345 -0.029871 -0.020436 -6.210250 0.029902 0.999552 0.001213 -7.245643 0.020391 -0.001824 0.999790 357.306678 
0.999271 -0.031479 -0.021583 -6.255250 0.031521 0.999502 0.001622 -7.274984 0.021521 -0.002301 0.999766 358.942852 
0.999211 -0.032709 -0.022517 -6.304731 0.032739 0.999463 0.000966 -7.310315 0.022473 -0.001702 0.999746 360.597368 
0.999170 -0.033490 -0.023197 -6.352260 0.033491 0.999439 -0.000306 -7.340856 0.023194 -0.000472 0.999731 362.256759 
0.999146 -0.033754 -0.023812 -6.399462 0.033749 0.999430 -0.000582 -7.376488 0.023818 -0.000222 0.999716 363.928304 
0.999138 -0.034119 -0.023632 -6.470828 0.034086 0.999417 -0.001798 -7.386414 0.023680 0.000991 0.999719 365.617263 
0.999105 -0.035191 -0.023462 -6.544431 0.035148 0.999380 -0.002267 -7.427182 0.023528 0.001440 0.999722 367.293882 
0.999128 -0.034672 -0.023261 -6.603726 0.034602 0.999395 -0.003403 -7.455369 0.023364 0.002595 0.999724 368.940265 
0.999156 -0.034441 -0.022391 -6.670092 0.034380 0.999404 -0.003092 -7.509108 0.022484 0.002319 0.999745 370.556135 
0.999162 -0.034104 -0.022619 -6.718253 0.034018 0.999413 -0.004163 -7.543575 0.022747 0.003390 0.999735 372.184415 
0.999090 -0.035932 -0.022988 -6.766245 0.035829 0.999346 -0.004866 -7.603188 0.023148 0.004038 0.999724 373.833251 
0.999019 -0.037408 -0.023717 -6.794324 0.037329 0.999296 -0.003785 -7.616820 0.023842 0.002896 0.999712 375.448514 
0.998929 -0.039379 -0.024291 -6.828634 0.039340 0.999224 -0.002070 -7.670412 0.024353 0.001112 0.999703 377.040004 
0.998929 -0.039474 -0.024141 -6.877312 0.039427 0.999220 -0.002421 -7.730734 0.024218 0.001466 0.999706 378.689525 
0.999016 -0.037589 -0.023519 -6.933780 0.037537 0.999292 -0.002651 -7.772948 0.023602 0.001766 0.999720 380.312982 
0.999081 -0.036069 -0.023156 -6.992923 0.036019 0.999348 -0.002597 -7.795270 0.023235 0.001760 0.999728 381.953110 
0.999092 -0.035767 -0.023146 -7.036631 0.035747 0.999360 -0.001258 -7.842011 0.023176 0.000429 0.999731 383.583076 
0.999154 -0.034236 -0.022786 -7.072780 0.034217 0.999414 -0.001210 -7.887083 0.022814 0.000429 0.999740 385.202527 
0.999171 -0.033911 -0.022504 -7.123104 0.033874 0.999424 -0.002009 -7.922708 0.022559 0.001245 0.999745 386.819992 
0.999164 -0.034244 -0.022326 -7.173530 0.034203 0.999412 -0.002198 -7.948121 0.022388 0.001433 0.999748 388.434605 
0.999164 -0.034649 -0.021683 -7.240927 0.034614 0.999399 -0.002023 -7.984003 0.021740 0.001271 0.999763 390.046590 
0.999199 -0.033315 -0.022156 -7.288496 0.033271 0.999444 -0.002308 -8.022448 0.022221 0.001569 0.999752 391.717550 
0.999252 -0.031666 -0.022206 -7.340057 0.031625 0.999497 -0.002221 -8.052754 0.022265 0.001517 0.999751 393.362152 
0.999328 -0.029550 -0.021668 -7.419044 0.029477 0.999559 -0.003660 -8.066324 0.021766 0.003019 0.999759 395.051369 
0.999348 -0.028950 -0.021573 -7.478962 0.028867 0.999575 -0.004129 -8.111919 0.021683 0.003503 0.999759 396.729383 
0.999400 -0.027513 -0.021032 -7.534880 0.027427 0.999614 -0.004360 -8.148037 0.021144 0.003781 0.999769 398.350493 
0.999405 -0.027697 -0.020566 -7.597601 0.027637 0.999613 -0.003165 -8.191762 0.020645 0.002594 0.999783 400.005702 
0.999461 -0.026207 -0.019770 -7.658823 0.026151 0.999653 -0.003083 -8.220697 0.019843 0.002564 0.999800 401.647725 
0.999503 -0.024743 -0.019531 -7.717902 0.024671 0.999688 -0.003917 -8.254653 0.019621 0.003433 0.999802 403.308910 
0.999488 -0.025395 -0.019442 -7.777995 0.025333 0.999673 -0.003421 -8.287085 0.019523 0.002927 0.999805 404.980832 
